function fg = fgF(lambda,in2)
%FGF
%    FG = FGF(LAMBDA,IN2)

%    This function was generated by the Symbolic Math Toolbox version 7.1.
%    03-Nov-2017 13:34:35

fg = [0.0;0.0;0.0;0.0;0.0;0.0;0.0;0.0;0.0;0.0;0.0;0.0;0.0;0.0;0.0;0.0;0.0;0.0;0.0;0.0;0.0;0.0;0.0;0.0;0.0;0.0;0.0;0.0;0.0;0.0;0.0;0.0;0.0;0.0;0.0;0.0;0.0;0.0;0.0;0.0;0.0;0.0];
